0
4
5
8
10
12
15
16
20
24
25
28
30
32
35
36
40
44
45
48
50
52
55
56
60
64
65
68
70
72
75
76
80
84
85
88
90
92
95
96
100
104
105
108
110
112
115
116
120
124
125
128
130
132
135
136
140
144
145
148
150
152
155
156
160
164
165
168
170
172
175
176
180
184
185
188
190
192
195
196
200
204
205
208
210
212
215
216
220
224
225
228
230
232
235
236
240
244
245
248
250
252
255
256
260
264
265
268
270
272
275
276
280
284
285
288
290
292
295
296
300
304
305
308
310
312
315
316
320
324
325
328
330
332
335
336
340
344
345
348
350
352
355
356
360
364
365
368
370
372
375
376
380
384
385
388
390
392
395
396
400
404
405
408
410
412
415
416
420
424
425
428
430
432
435
436
440
444
445
448
450
452
455
456
460
464
465
468
470
472
475
476
480
484
485
488
490
492
495
496
500
504
505
508
510
512
515
516
520
524
525
528
530
532
535
536
540
544
545
548
550
552
555
556
560
564
565
568
570
572
575
576
580
584
585
588
590
592
595
596
600
604
605
608
610
612
615
616
620
624
625
628
630
632
635
636
640
644
645
648
650
652
655
656
660
664
665
668
670
672
675
676
680
684
685
688
690
692
695
696
700
704
705
708
710
712
715
716
720
724
725
728
730
732
735
736
740
744
745
748
750
752
755
756
760
764
765
768
770
772
775
776
780
784
785
788
790
792
795
796
800
804
805
808
810
812
815
816
820
824
825
828
830
832
835
836
840
844
845
848
850
852
855
856
860
864
865
868
870
872
875
876
880
884
885
888
890
892
895
896
900
904
905
908
910
912
915
916
920
924
925
928
930
932
935
936
940
944
945
948
950
952
955
956
960
964
965
968
970
972
975
976
980
984
985
988
990
992
995
996
