0
7
9
14
18
21
27
28
35
36
42
45
49
54
56
63
70
72
77
81
84
90
91
98
99
105
108
112
117
119
126
133
135
140
144
147
153
154
161
162
168
171
175
180
182
189
196
198
203
207
210
216
217
224
225
231
234
238
243
245
252
259
261
266
270
273
279
280
287
288
294
297
301
306
308
315
322
324
329
333
336
342
343
350
351
357
360
364
369
371
378
385
387
392
396
399
405
406
413
414
420
423
427
432
434
441
448
450
455
459
462
468
469
476
477
483
486
490
495
497
504
511
513
518
522
525
531
532
539
540
546
549
553
558
560
567
574
576
581
585
588
594
595
602
603
609
612
616
621
623
630
637
639
644
648
651
657
658
665
666
672
675
679
684
686
693
700
702
707
711
714
720
721
728
729
735
738
742
747
749
756
763
765
770
774
777
783
784
791
792
798
801
805
810
812
819
826
828
833
837
840
846
847
854
855
861
864
868
873
875
882
889
891
896
900
903
909
910
917
918
924
927
931
936
938
945
952
954
959
963
966
972
973
980
981
987
990
994
999
